{
    "vitals": {
        "G": 86.92257168094321,
        "A": 93.29123819763265,
        "C": 10.0
    },
    "neurotransmitters": {
        "DA": 1.0,
        "5HT": 0.0,
        "NE": 1.0,
        "ACh": 0.38999999999999996,
        "OX": 1.0,
        "AD": 0.0006557179912536637,
        "EP": 0.37,
        "GABA": 0.0
    },
    "last_tick": 1773729307.376023,
    "free_energy_F": 109.0133081804859
}
